0.000000000000000000e+00 9.788000000000000034e-01 2.237176792298722558e-02
2.039781719626740375e-02 6.995965715743723834e-01 1.359827641277586985e-01
4.079563439253480750e-02 5.892118302062764323e-01 1.399106902897210569e-01
6.119345158880221819e-02 4.788097447183883304e-01 6.495803469929645191e-02
8.159126878506961500e-02 4.270202242756003796e-01 6.129796150703641783e-02
1.019890859813370187e-01 4.229347710119207848e-01 5.883728001929992846e-02
1.223869031776044364e-01 3.949612742139460009e-01 3.117607885906675466e-02
1.427847203738718262e-01 3.397377990967828110e-01 2.585031189036410618e-02
1.631825375701392300e-01 3.147369311315135754e-01 1.830013077039865585e-02
1.835803547664066337e-01 3.600994963004823801e-01 1.737721515500450717e-02
2.039781719626740375e-01 4.177455298174404530e-01 5.470401793483870012e-02
2.447738063552088728e-01 4.661810866042387924e-01 5.641486300547303434e-02
2.651716235514762765e-01 4.169507323709015223e-01 4.922541137646313514e-02
3.059672579440110840e-01 3.834041960739568156e-01 5.896268120546188651e-02
3.263650751402784600e-01 3.310318376040447541e-01 2.125959251926219304e-02
3.467628923365458915e-01 3.301328453795947526e-01 1.823420335156319613e-02
3.671607095328132675e-01 3.183288654557063779e-01 3.391141359056866478e-02
3.875585267290806990e-01 3.823154895501687522e-01 5.041676766873604693e-02
4.079563439253480750e-01 4.196313646908256811e-01 6.261065795516564114e-02
4.283541611216155065e-01 4.535131621677931935e-01 3.506079840171943962e-02
4.487519783178828825e-01 5.078955416529588041e-01 1.013255943049585911e-01
4.895476127104177455e-01 5.936173289395659802e-01 1.021796030919202153e-01
